export const BS_ONSET_YEAR = 2000;
export const BS_ONSET_FULL_YEAR = [2000, 1, 1];
export const AD_ONSET_FULL_YEAR = [1943, 4, 14];

export const AD_MONTHS_DAYS_NO = [31, 28, 31, 30, 31, 30, 31, 31, 30, 31, 30, 31]
export const AD_MONTHS_DAYS_NO_LEAP_YEAR = [31, 29, 31, 30, 31, 30, 31, 31, 30, 31, 30, 31]


export const BS_CALENDAR_DATA =  [
    [[30, 32, 31, 32, 31, 30, 30, 30, 29, 30, 29, 31], 365], // 2000 BS - 1943/1944 AD
    [[31, 31, 32, 31, 31, 31, 30, 29, 30, 29, 30, 30], 365], // 2001 BS
    [[31, 31, 32, 32, 31, 30, 30, 29, 30, 29, 30, 30], 365],
    [[31, 32, 31, 32, 31, 30, 30, 30, 29, 29, 30, 31], 366],
    [[30, 32, 31, 32, 31, 30, 30, 30, 29, 30, 29, 31], 365],
    [[31, 31, 32, 31, 31, 31, 30, 29, 30, 29, 30, 30], 365],
    [[31, 31, 32, 32, 31, 30, 30, 29, 30, 29, 30, 30], 365],
    [[31, 32, 31, 32, 31, 30, 30, 30, 29, 29, 30, 31], 366],
    [[31, 31, 31, 32, 31, 31, 29, 30, 30, 29, 29, 31], 365],
    [[31, 31, 32, 31, 31, 31, 30, 29, 30, 29, 30, 30], 365],
    [[31, 31, 32, 32, 31, 30, 30, 29, 30, 29, 30, 30], 365],
    [[31, 32, 31, 32, 31, 30, 30, 30, 29, 29, 30, 31], 366],
    [[31, 31, 31, 32, 31, 31, 29, 30, 30, 29, 30, 30], 365],
    [[31, 31, 32, 31, 31, 31, 30, 29, 30, 29, 30, 30], 365],
    [[31, 31, 32, 32, 31, 30, 30, 29, 30, 29, 30, 30], 365],
    [[31, 32, 31, 32, 31, 30, 30, 30, 29, 29, 30, 31], 366],
    [[31, 31, 31, 32, 31, 31, 29, 30, 30, 29, 30, 30], 365],
    [[31, 31, 32, 31, 31, 31, 30, 29, 30, 29, 30, 30], 365],
    [[31, 32, 31, 32, 31, 30, 30, 29, 30, 29, 30, 30], 365],
    [[31, 32, 31, 32, 31, 30, 30, 30, 29, 30, 29, 31], 366],
    [[31, 31, 31, 32, 31, 31, 30, 29, 30, 29, 30, 30], 365],
    [[31, 31, 32, 31, 31, 31, 30, 29, 30, 29, 30, 30], 365],
    [[31, 32, 31, 32, 31, 30, 30, 30, 29, 29, 30, 30], 365],
    [[31, 32, 31, 32, 31, 30, 30, 30, 29, 30, 29, 31], 366],
    [[31, 31, 31, 32, 31, 31, 30, 29, 30, 29, 30, 30], 365],
    [[31, 31, 32, 31, 31, 31, 30, 29, 30, 29, 30, 30], 365],
    [[31, 32, 31, 32, 31, 30, 30, 30, 29, 29, 30, 31], 366],
    [[30, 32, 31, 32, 31, 30, 30, 30, 29, 30, 29, 31], 365],
    [[31, 31, 32, 31, 31, 31, 30, 29, 30, 29, 30, 30], 365],
    [[31, 31, 32, 31, 32, 30, 30, 29, 30, 29, 30, 30], 365],
    [[31, 32, 31, 32, 31, 30, 30, 30, 29, 29, 30, 31], 366],
    [[30, 32, 31, 32, 31, 30, 30, 30, 29, 30, 29, 31], 365],
    [[31, 31, 32, 31, 31, 31, 30, 29, 30, 29, 30, 30], 365],
    [[31, 31, 32, 32, 31, 30, 30, 29, 30, 29, 30, 30], 365],
    [[31, 32, 31, 32, 31, 30, 30, 30, 29, 29, 30, 31], 366],
    [[30, 32, 31, 32, 31, 31, 29, 30, 30, 29, 29, 31], 365],
    [[31, 31, 32, 31, 31, 31, 30, 29, 30, 29, 30, 30], 365],
    [[31, 31, 32, 32, 31, 30, 30, 29, 30, 29, 30, 30], 365],
    [[31, 32, 31, 32, 31, 30, 30, 30, 29, 29, 30, 31], 366],
    [[31, 31, 31, 32, 31, 31, 29, 30, 30, 29, 30, 30], 365],
    [[31, 31, 32, 31, 31, 31, 30, 29, 30, 29, 30, 30], 365],
    [[31, 31, 32, 32, 31, 30, 30, 29, 30, 29, 30, 30], 365],
    [[31, 32, 31, 32, 31, 30, 30, 30, 29, 29, 30, 31], 366],
    [[31, 31, 31, 32, 31, 31, 29, 30, 30, 29, 30, 30], 365],
    [[31, 31, 32, 31, 31, 31, 30, 29, 30, 29, 30, 30], 365],
    [[31, 32, 31, 32, 31, 30, 30, 29, 30, 29, 30, 30], 365],
    [[31, 32, 31, 32, 31, 30, 30, 30, 29, 29, 30, 31], 366],
    [[31, 31, 31, 32, 31, 31, 30, 29, 30, 29, 30, 30], 365],
    [[31, 31, 32, 31, 31, 31, 30, 29, 30, 29, 30, 30], 365],
    [[31, 32, 31, 32, 31, 30, 30, 30, 29, 29, 30, 30], 365],
    [[31, 32, 31, 32, 31, 30, 30, 30, 29, 30, 29, 31], 366],
    [[31, 31, 31, 32, 31, 31, 30, 29, 30, 29, 30, 30], 365],
    [[31, 31, 32, 31, 31, 31, 30, 29, 30, 29, 30, 30], 365],
    [[31, 32, 31, 32, 31, 30, 30, 30, 29, 29, 30, 30], 365],
    [[31, 32, 31, 32, 31, 30, 30, 30, 29, 30, 29, 31], 366],
    [[31, 31, 32, 31, 31, 31, 30, 29, 30, 29, 30, 30], 365],
    [[31, 31, 32, 31, 32, 30, 30, 29, 30, 29, 30, 30], 365],
    [[31, 32, 31, 32, 31, 30, 30, 30, 29, 29, 30, 31], 366],
    [[30, 32, 31, 32, 31, 30, 30, 30, 29, 30, 29, 31], 365],
    [[31, 31, 32, 31, 31, 31, 30, 29, 30, 29, 30, 30], 365],
    [[31, 31, 32, 32, 31, 30, 30, 29, 30, 29, 30, 30], 365],
    [[31, 32, 31, 32, 31, 30, 30, 30, 29, 29, 30, 31], 366],
    [[30, 32, 31, 32, 31, 31, 29, 30, 29, 30, 29, 31], 365],
    [[31, 31, 32, 31, 31, 31, 30, 29, 30, 29, 30, 30], 365],
    [[31, 31, 32, 32, 31, 30, 30, 29, 30, 29, 30, 30], 365],
    [[31, 32, 31, 32, 31, 30, 30, 30, 29, 29, 30, 31], 366],
    [[31, 31, 31, 32, 31, 31, 29, 30, 30, 29, 29, 31], 365],
    [[31, 31, 32, 31, 31, 31, 30, 29, 30, 29, 30, 30], 365],
    [[31, 31, 32, 32, 31, 30, 30, 29, 30, 29, 30, 30], 365],
    [[31, 32, 31, 32, 31, 30, 30, 30, 29, 29, 30, 31], 366],
    [[31, 31, 31, 32, 31, 31, 29, 30, 30, 29, 30, 30], 365],
    [[31, 31, 32, 31, 31, 31, 30, 29, 30, 29, 30, 30], 365],
    [[31, 32, 31, 32, 31, 30, 30, 29, 30, 29, 30, 30], 365],
    [[31, 32, 31, 32, 31, 30, 30, 30, 29, 29, 30, 31], 366],
    [[31, 31, 31, 32, 31, 31, 30, 29, 30, 29, 30, 30], 365],
    [[31, 31, 32, 31, 31, 31, 30, 29, 30, 29, 30, 30], 365],
    [[31, 32, 31, 32, 31, 30, 30, 30, 29, 29, 30, 30], 365],
    [[31, 32, 31, 32, 31, 30, 30, 30, 29, 30, 29, 31], 366],
    [[31, 31, 31, 32, 31, 31, 30, 29, 30, 29, 30, 30], 365],
    [[31, 31, 32, 31, 31, 31, 30, 29, 30, 29, 30, 30], 365],
    [[31, 32, 31, 32, 31, 30, 30, 30, 29, 29, 30, 30], 365], // 2080
    [[31, 32, 31, 32, 31, 30, 30, 30, 29, 30, 29, 31], 366], // 2081 24-25
    [[31, 31, 31, 32, 31, 31, 30, 29, 30, 29, 30, 30], 365], // 2082 25-26
    [[31, 31, 32, 31, 31, 31, 30, 29, 30, 29, 30, 30], 365], // 27-28
    [[31, 32, 31, 32, 31, 30, 30, 30, 29, 29, 30, 31], 366], // 28-29
    [[30, 32, 31, 32, 31, 30, 30, 30, 29, 30, 29, 31], 365], // 29-30
    [[31, 31, 32, 31, 31, 31, 30, 29, 30, 29, 30, 30], 365], // 30-31
    [[31, 31, 32, 32, 31, 30, 30, 29, 30, 29, 30, 30], 365], // 26-32
    [[31, 32, 31, 32, 31, 30, 30, 30, 29, 29, 30, 31], 366], // 26-33
    [[30, 32, 31, 32, 31, 30, 30, 30, 29, 30, 29, 31], 365], // 26-34
    [[31, 31, 32, 31, 31, 31, 30, 29, 30, 29, 30, 30], 365], // 26-35
    [[31, 31, 32, 32, 31, 30, 30, 29, 30, 29, 30, 30], 365], // 26-36
    [[31, 32, 31, 32, 31, 30, 30, 30, 29, 29, 30, 31], 366], // 26-37
    [[31, 31, 31, 32, 31, 31, 29, 30, 30, 29, 29, 31], 365], // 26-38
    [[31, 31, 32, 31, 31, 31, 30, 29, 30, 29, 30, 30], 365], // 26-39
    [[31, 31, 32, 32, 31, 30, 30, 29, 30, 29, 30, 30], 365], // 26-40
    [[31, 32, 31, 32, 31, 30, 30, 30, 29, 29, 30, 31], 366], // 26-41
    [[31, 31, 31, 32, 31, 31, 29, 30, 30, 29, 30, 30], 365], // 26-42
    [[31, 31, 32, 31, 31, 31, 30, 29, 30, 29, 30, 30], 365], // 26-43
    [[31, 31, 32, 32, 31, 30, 30, 29, 30, 29, 30, 30], 365], // 26-44
]
